$ANSIBLE_VAULT;1.1;AES256
36356634353931343364333531373663636135386339323765316563343034616533323039383136
3331373865323137643138626631373063383536393539610a653432336564373332643239646436
39333537613764376431313032643564656636353864333437303033383661623163373138323564
6230633335363537340a666265396435643736393130323539313863323238303437306237333966
31633563343035623132343130333963306330623861653835393238303632313337633135343466
33616463336464303439376632336266396630336632376431646362626638373238313936653166
65666666346532336437623733383334363234663135366639373435306634356437383962323337
63623532626433346231613864346239666665333332333339613930363462393431653663333834
62333063616136333239333034383439623635613061663634666433373031636337626336353931
38306631313636633233346662363533613830653530633164313839666631393031633464386430
31346633376137343939653162356461613238626636656464373137363261303631306361646435
35316564643331373961376435653534366536323466383937353662373863326339306438343737
38336138353235306631343765646630633764666631643961343766353337316533643533666134
32643061656337303436366337633435353165343565356639393066326363623962633038393533
31336164666330323138643566386464303664626562623565643662303661313332396530633436
38396231383635616164623438363531303539396165313432363134386539353066653036643634
37656232316561376232383039643531363864323037663930623437626562333061346139643634
66643739333530663939353535613335376337663865643339663836653363633536643333303536
62656635343262316235336437323630376639393965386435646234373430363839653736376333
33333265653339616466646132366465303166643337363965643765326232623464303061333230
66363435623832336230646362663834396236386637636432376538333036333962313964663737
61636162613334646136306531623936303833396138613561663338366531626635623536373434
32303734373763643235363336303738626664303239663438656239623365363730336563623231
38346531326236663066633361333162363939646433313538663264653938656661303139323761
3363